1,,268736.794,3743135.663,2586.971
2,,268735.064,3743143.524,2587.093
3,,268735.220,3743148.718,2587.115
4,,268739.487,3743149.518,2587.020
5,,268750.461,3743090.115,2586.142
6,,268743.716,3743116.682,2586.463
7,,268740.555,3743139.003,2586.962
8,,268741.181,3743141.959,2587.013
9,,268738.171,3743142.184,2587.072
10,,268734.756,3743142.059,2587.124
11,,268735.931,3743136.385,2587.064
12,,268739.382,3743135.876,2586.906
13,,268742.722,3743136.790,2586.859
14,,268737.635,3743123.074,2586.817
15,,268741.325,3743121.343,2586.698
16,,268744.443,3743123.256,2586.843
17,,268738.889,3743114.017,2586.813
18,,268741.179,3743112.744,2586.801
19,,268744.864,3743113.557,2586.527
20,,268744.733,3743077.448,2586.442
21,,268750.098,3743065.962,2586.210
22,,268751.025,3743078.879,2586.412
23,,268754.266,3743066.238,2586.761
24,,268750.257,3743089.952,2586.378
25,,268745.777,3743101.618,2586.432
26,,268750.379,3743096.417,2586.181
27,,268736.801,3743074.551,2587.184
28,,268741.275,3743065.498,2587.120
29,,268759.843,3743072.872,2586.710
30,,268755.322,3743073.824,2586.232
31,,268749.928,3743080.467,2586.511
32,,268744.195,3743077.532,2586.704
33,,268736.417,3743075.122,2586.547
34,,268736.918,3743095.603,2587.127
35,,268742.145,3743098.724,2587.090
36,,268745.992,3743100.710,2587.063
37,,268749.563,3743096.444,2586.157
38,,268746.611,3743111.245,2586.397
39,,268741.616,3743110.571,2587.159
40,,268737.664,3743110.282,2587.120
41,,268735.869,3743117.716,2586.698
42,,268740.073,3743117.392,2586.656
43,,268744.276,3743116.611,2586.422
44,,268742.501,3743127.395,2586.870
45,,268737.988,3743129.550,2586.938
46,,268734.803,3743132.223,2586.934
47,,268734.778,3743137.717,2587.125
48,,268737.922,3743139.539,2587.060
49,,268741.667,3743140.777,2586.935
50,,268740.063,3743143.958,2587.034
51,,268738.444,3743144.663,2587.107
52,,268732.815,3743144.221,2587.253
53,,268734.647,3743149.521,2587.116
54,,268738.970,3743148.414,2587.333
55,,268740.154,3743149.035,2587.018
56,,268763.076,3743286.335,2592.051
57,,268770.255,3743303.276,2593.009
58,,268773.472,3743296.613,2597.005
59,,268775.301,3743290.392,2599.364
60,,268782.099,3743275.410,2610.149
61,,268781.931,3743280.105,2607.460
62,,268780.764,3743283.882,2603.874
63,,268775.084,3743278.539,2599.943
64,,268772.053,3743277.626,2594.906
65,,268769.692,3743279.060,2592.764
66,,268767.540,3743277.677,2590.000
67,,268766.901,3743280.693,2589.416
68,,268769.088,3743281.521,2593.085
69,,268770.520,3743282.063,2597.076
70,,268762.676,3743293.064,2592.739
71,,268767.831,3743290.478,2595.062
72,,268762.489,3743296.743,2591.590
73,,268761.482,3743292.548,2592.118
74,,268762.209,3743290.364,2591.718
75,,268762.902,3743286.589,2592.101
76,,268763.267,3743282.864,2592.757
77,,268768.290,3743281.656,2592.900
78,,268770.333,3743277.010,2593.195
79,,268770.959,3743279.559,2596.422
80,,268770.376,3743281.654,2596.383
81,,268767.703,3743282.740,2596.740
82,,268766.750,3743285.892,2596.598
83,,268767.063,3743291.048,2595.550
84,,268765.023,3743294.644,2594.585
85,,268775.020,3743281.267,2600.967
86,,268772.428,3743285.742,2600.957
87,,268770.769,3743286.221,2600.362
88,,268769.203,3743287.837,2599.288
89,,268768.507,3743291.140,2597.373
90,,268766.678,3743294.576,2595.912
91,,268761.230,3743263.150,2594.860
92,,268761.933,3743268.766,2594.235
93,,268763.695,3743272.941,2592.459
94,,268765.650,3743276.248,2591.067
95,,268766.637,3743280.676,2589.098
96,,268765.488,3743281.344,2589.012
97,,268761.987,3743283.911,2589.024
98,,268761.276,3743288.410,2588.967
99,,268761.592,3743291.834,2589.015
100,,268759.725,3743296.268,2588.981
101,,268761.035,3743301.037,2590.180
102,,268763.331,3743301.259,2591.298
103,,268766.910,3743303.497,2593.191
104,,268771.536,3743302.036,2594.406
105,,268772.587,3743298.262,2596.529
106,,268774.763,3743291.902,2598.560
107,,268780.254,3743273.339,2604.841
108,,268777.847,3743278.636,2603.421
109,,268777.055,3743286.229,2602.257
110,,268774.959,3743291.248,2599.135
111,,268774.778,3743281.124,2600.702
112,,268775.995,3743276.028,2600.593
113,,268781.749,3743270.100,2605.290
114,,268781.776,3743254.333,2608.381
115,,268788.814,3743258.446,2614.957
116,,268787.992,3743263.937,2611.713
117,,268785.264,3743261.800,2609.085
118,,268782.572,3743260.234,2606.938
119,,268776.866,3743258.750,2604.233
120,,268771.842,3743256.064,2601.591
121,,268767.090,3743266.087,2596.870
122,,268772.809,3743270.535,2598.394
123,,268772.532,3743264.326,2600.417
124,,268770.914,3743279.024,2593.899
125,,268770.904,3743279.022,2593.770
126,,268771.430,3743277.838,2593.644
127,,268765.723,3743271.808,2594.522
128,,268763.897,3743268.216,2594.997
129,,268762.675,3743262.678,2595.573
130,,268761.730,3743259.265,2595.376
131,,268764.318,3743255.669,2595.995
132,,268770.231,3743250.620,2594.718
133,,268772.449,3743249.501,2597.656
134,,268771.642,3743251.781,2597.070
135,,268766.839,3743255.874,2598.363
136,,268765.991,3743260.396,2598.802
137,,268768.176,3743265.959,2597.936
138,,268770.074,3743269.077,2597.553
139,,268773.215,3743275.914,2597.745
140,,268776.431,3743273.724,2599.985
141,,268769.698,3743248.165,2594.434
142,,268770.060,3743250.261,2594.414
143,,268767.172,3743253.194,2595.043
144,,268763.226,3743255.955,2595.691
145,,268763.007,3743259.514,2595.755
146,,268762.458,3743261.987,2595.834
147,,268763.066,3743264.519,2595.590
148,,268766.276,3743270.887,2594.989
149,,268771.457,3743276.646,2594.414
150,,268773.155,3743275.864,2597.661
151,,268770.724,3743270.342,2597.805
152,,268769.218,3743266.819,2597.954
153,,268766.761,3743262.252,2598.609
154,,268765.583,3743259.534,2598.467
155,,268771.749,3743248.853,2596.758
156,,268773.783,3743248.569,2599.417
157,,268772.475,3743252.888,2598.839
158,,268768.512,3743256.773,2600.885
159,,268769.339,3743261.115,2601.084
160,,268774.071,3743267.591,2600.536
161,,268776.424,3743273.772,2600.070
162,,268779.661,3743271.982,2602.752
163,,268780.554,3743268.160,2603.040
164,,268776.561,3743263.473,2603.316
165,,268774.741,3743259.202,2603.500
166,,268774.245,3743251.543,2603.276
167,,268777.550,3743247.277,2602.773
168,,268781.667,3743246.550,2605.739
169,,268778.030,3743251.887,2605.240
170,,268776.381,3743256.514,2605.586
171,,268778.510,3743260.784,2604.815
172,,268780.731,3743265.417,2604.609
173,,268786.627,3743262.496,2610.782
174,,268784.754,3743258.767,2610.836
175,,268783.359,3743255.041,2610.859
176,,268784.855,3743249.268,2610.827
177,,268785.738,3743245.389,2610.646
178,,268789.724,3743244.760,2613.903
179,,268790.687,3743247.518,2615.072
180,,268787.205,3743249.513,2614.962
181,,268786.571,3743251.995,2614.932
182,,268786.225,3743255.784,2615.069
183,,268789.483,3743261.694,2615.189
184,,268788.940,3743259.099,2615.091
185,,268684.583,3743257.533,2615.566
186,,268768.276,3743082.675,2592.547
187,,268768.031,3743080.405,2590.483
188,,268766.407,3743080.056,2588.055
189,,268761.674,3743097.463,2590.818
190,,268759.514,3743102.042,2591.344
191,,268758.483,3743099.292,2588.801
192,,268753.483,3743101.093,2587.555
193,,268763.130,3743085.816,2587.395
194,,268765.772,3743086.266,2588.751
195,,268768.050,3743086.470,2590.321
196,,268769.855,3743088.024,2591.762
197,,268769.482,3743091.364,2591.677
198,,268765.492,3743090.259,2589.774
199,,268762.076,3743090.472,2587.186
200,,268761.802,3743097.857,2590.850
201,,268761.802,3743097.857,2590.849
202,,268762.953,3743095.801,2590.150
203,,268760.065,3743096.923,2589.409
204,,268758.528,3743096.282,2587.589
205,,268754.239,3743101.726,2587.769
206,,268756.110,3743103.187,2589.495
207,,268759.366,3743102.460,2591.445
208,,268757.417,3743106.717,2591.456
209,,268754.642,3743107.166,2590.001
210,,268749.612,3743108.920,2588.651
211,,268756.551,3743117.116,2590.894
212,,268753.289,3743117.534,2589.523
213,,268751.890,3743117.743,2588.025
214,,268754.724,3743106.133,2591.506
215,,268754.843,3743108.113,2591.003
216,,268753.226,3743107.045,2589.599
217,,268759.391,3743102.977,2593.078
218,,268758.038,3743107.371,2593.037
219,,268755.895,3743109.316,2591.973
220,,268753.770,3743110.464,2590.294
221,,268754.955,3743111.605,2590.726
222,,268755.796,3743111.973,2591.719
223,,268755.899,3743129.877,2590.469
224,,268754.630,3743125.235,2589.956
225,,268756.996,3743125.440,2591.352
226,,268758.864,3743121.434,2592.651
227,,268759.352,3743124.199,2592.475
228,,268759.324,3743127.588,2592.661
229,,268759.219,3743131.503,2592.560
230,,268757.827,3743130.977,2591.705
231,,268754.181,3743135.598,2589.920
232,,268755.411,3743137.914,2589.631
233,,268758.167,3743115.750,2592.557
234,,268756.022,3743115.531,2591.033
235,,268753.586,3743115.046,2591.443
236,,268751.202,3743124.646,2589.431
237,,268753.700,3743122.887,2590.752
238,,268757.187,3743122.458,2592.176
239,,268759.219,3743126.506,2592.987
240,,268756.555,3743127.911,2590.810
241,,268753.820,3743127.167,2589.670
242,,268749.809,3743129.514,2588.544
243,,268756.743,3743249.617,2592.091
244,,268750.243,3743248.802,2591.294
245,,268756.141,3743239.505,2591.680
246,,268754.763,3743236.235,2590.799
247,,268750.985,3743219.501,2588.207
248,,268754.954,3743223.773,2590.462
249,,268755.914,3743231.787,2590.750
250,,268752.559,3743229.937,2588.283
251,,268748.597,3743235.525,2589.264
252,,268750.901,3743245.388,2588.571
253,,268749.847,3743232.919,2588.212
254,,268748.083,3743225.860,2588.192
255,,268746.788,3743215.445,2588.254
256,,268746.954,3743209.357,2588.235
257,,268747.307,3743205.608,2588.230
258,,268747.460,3743202.759,2588.140
259,,268747.710,3743200.574,2588.016
260,,268748.155,3743197.873,2587.993
261,,268749.525,3743195.947,2587.967
262,,268747.533,3743188.443,2587.926
263,,268745.361,3743178.436,2588.056
264,,268747.175,3743174.269,2587.903
265,,268745.449,3743166.515,2588.507
266,,268756.874,3743135.227,2591.972
267,,268754.214,3743135.083,2590.927
268,,268754.061,3743135.332,2590.492
269,,268752.652,3743133.836,2589.453
270,,268746.635,3743134.963,2588.611
271,,268746.351,3743139.427,2587.946
272,,268749.873,3743137.623,2588.363
273,,268753.310,3743138.139,2588.786
274,,268755.138,3743137.899,2589.365
275,,268755.642,3743137.975,2590.929
276,,268757.903,3743137.874,2591.999
277,,268758.673,3743140.966,2592.139
278,,268755.902,3743141.235,2590.452
279,,268752.198,3743142.652,2589.165
280,,268749.343,3743142.262,2588.687
281,,268745.540,3743142.043,2587.897
282,,268745.027,3743144.354,2588.109
283,,268747.743,3743144.987,2588.627
284,,268751.285,3743144.064,2589.108
285,,268758.360,3743143.529,2591.737
286,,268760.381,3743146.411,2591.733
287,,268755.978,3743147.707,2590.177
288,,268752.729,3743148.462,2589.284
289,,268749.279,3743149.543,2588.688
290,,268744.804,3743150.499,2587.930
291,,268745.686,3743155.323,2587.782
292,,268749.729,3743154.691,2588.579
293,,268753.597,3743154.825,2589.573
294,,268757.035,3743154.810,2590.587
295,,268762.508,3743155.218,2592.179
296,,268762.245,3743158.789,2592.291
297,,268758.439,3743159.442,2590.832
298,,268753.833,3743159.614,2589.564
299,,268749.342,3743160.509,2588.457
300,,268749.733,3743165.042,2588.368
301,,268753.939,3743165.288,2589.081
302,,268756.724,3743164.461,2589.927
303,,268759.452,3743164.512,2591.061
304,,268761.628,3743164.550,2592.214
305,,268761.793,3743169.131,2592.850
306,,268759.793,3743168.788,2591.413
307,,268757.891,3743168.693,2589.903
308,,268753.750,3743170.844,2589.019
309,,268758.512,3743171.856,2591.062
310,,268760.547,3743172.456,2592.903
311,,268759.757,3743177.137,2593.413
312,,268757.924,3743176.274,2591.374
313,,268756.028,3743175.698,2588.964
314,,268752.470,3743186.146,2588.664
315,,268755.825,3743187.693,2589.782
316,,268757.977,3743188.351,2591.947
317,,268759.210,3743188.815,2592.869
318,,268759.479,3743191.536,2592.839
319,,268758.740,3743191.398,2591.742
320,,268755.643,3743189.877,2589.214
321,,268753.560,3743188.883,2588.578
322,,268753.152,3743190.536,2588.646
323,,268755.817,3743191.853,2589.351
324,,268757.724,3743192.408,2591.422
325,,268758.933,3743192.849,2592.842
326,,268757.627,3743194.348,2592.624
327,,268755.118,3743193.520,2590.195
328,,268753.450,3743192.277,2588.761
329,,268757.922,3743187.483,2593.131
330,,268756.514,3743187.807,2590.242
331,,268753.165,3743186.906,2588.622
332,,268755.133,3743217.258,2590.738
333,,268752.208,3743215.362,2588.824
334,,268756.234,3743208.363,2594.148
335,,268754.518,3743207.323,2592.187
336,,268753.341,3743208.227,2590.186
337,,268750.317,3743206.348,2588.671
338,,268756.267,3743169.375,2589.505
339,,268758.156,3743169.151,2590.801
340,,268761.113,3743168.799,2592.540
341,,268753.396,3743173.033,2588.871
342,,268759.471,3743174.187,2592.678
343,,268759.039,3743178.114,2593.115
344,,268757.054,3743177.769,2590.917
345,,268755.725,3743177.536,2589.127
346,,268753.838,3743179.553,2589.027
347,,268755.647,3743180.094,2590.490
348,,268759.037,3743180.773,2593.591
349,,268758.230,3743185.778,2593.542
350,,268754.693,3743184.768,2590.425
351,,268751.872,3743183.889,2588.646
352,,268753.274,3743193.473,2588.647
353,,268755.431,3743195.055,2591.563
354,,268755.535,3743198.944,2591.924
355,,268754.681,3743198.537,2590.720
356,,268753.941,3743198.608,2589.490
357,,268751.882,3743203.302,2589.004
358,,268753.885,3743204.893,2590.322
359,,268754.936,3743206.826,2592.746
360,,268756.673,3743207.490,2594.247
361,,268755.825,3743210.897,2594.098
362,,268754.033,3743210.795,2591.493
363,,268749.948,3743209.543,2589.077
364,,268755.660,3743217.001,2591.866
365,,268754.211,3743215.303,2590.285
366,,268749.480,3743210.592,2589.525
367,,268755.555,3743221.179,2591.589
368,,268749.550,3743218.893,2588.907
369,,268753.780,3743227.134,2591.886
370,,268748.621,3743226.945,2589.129
371,,268741.996,3743202.615,2589.746
372,,268738.202,3743224.724,2591.919
373,,268737.565,3743206.813,2592.338
374,,268738.982,3743197.002,2591.162
375,,268740.640,3743180.073,2589.879
376,,268739.091,3743184.570,2591.241
377,,268730.199,3743153.588,2592.263
378,,268735.015,3743167.689,2593.224
379,,268740.577,3743180.208,2589.978
380,,268742.031,3743109.243,2591.688
381,,268729.279,3743079.485,2592.712
382,,268728.474,3743078.269,2598.983
383,,268726.480,3743078.804,2602.910
384,,268730.560,3743069.742,2603.420
385,,268729.170,3743072.473,2603.264
386,,268730.476,3743068.845,2592.983
387,,268737.653,3743066.716,2589.534
388,,268742.361,3743109.291,2591.588
389,,268729.240,3743077.016,2597.282
390,,268726.445,3743090.823,2597.087
391,,268738.987,3743120.218,2592.048
392,,268728.957,3743116.438,2591.841
393,,268723.417,3743115.926,2592.124
394,,268720.073,3743118.625,2593.101
395,,268728.777,3743116.788,2592.457
396,,268747.811,3743151.501,2590.931
397,,268733.950,3743137.840,2588.729
398,,268731.174,3743140.144,2590.453
399,,268727.875,3743139.395,2592.727
400,,268716.492,3743130.072,2595.439
401,,268715.123,3743139.123,2596.060
402,,268726.604,3743145.462,2594.241
403,,268727.222,3743143.513,2593.169
404,,268730.002,3743145.009,2591.039
405,,268734.927,3743147.155,2588.635
406,,268730.399,3743148.295,2588.665
407,,268729.253,3743148.139,2589.642
408,,268728.084,3743148.363,2591.853
409,,268725.684,3743147.171,2594.120
410,,268712.953,3743139.079,2596.656
411,,268726.411,3743151.969,2594.493
412,,268727.365,3743151.989,2593.145
413,,268727.365,3743151.989,2593.145
414,,268729.970,3743152.470,2590.665
415,,268731.629,3743152.244,2588.693
416,,268734.438,3743158.220,2588.786
417,,268732.497,3743158.281,2592.250
418,,268726.279,3743156.635,2595.322
419,,268731.144,3743161.719,2595.654
420,,268733.907,3743163.130,2593.428
421,,268734.349,3743163.371,2591.510
422,,268738.541,3743164.514,2588.587
423,,268727.889,3743167.435,2594.805
424,,268732.727,3743168.318,2593.963
425,,268734.616,3743168.586,2592.794
426,,268739.678,3743168.733,2588.681
427,,268739.280,3743171.350,2588.590
428,,268738.536,3743171.547,2589.086
429,,268734.500,3743170.927,2592.014
430,,268733.328,3743171.148,2593.305
431,,268727.642,3743170.337,2595.490
432,,268726.599,3743174.573,2596.478
433,,268730.251,3743174.365,2594.889
434,,268733.423,3743174.224,2593.225
435,,268735.350,3743175.012,2590.861
436,,268739.777,3743175.988,2588.608
437,,268741.812,3743180.465,2588.605
438,,268739.285,3743180.795,2591.382
439,,268735.986,3743181.226,2593.022
440,,268728.617,3743182.187,2596.063
441,,268728.942,3743186.780,2596.071
442,,268734.016,3743186.329,2593.440
443,,268736.365,3743185.604,2592.488
444,,268738.819,3743184.845,2591.504
445,,268739.642,3743184.590,2589.845
446,,268740.943,3743184.188,2588.682
447,,268742.593,3743188.959,2588.539
448,,268741.482,3743189.620,2589.611
449,,268739.478,3743190.108,2590.445
450,,268736.408,3743190.535,2591.949
451,,268734.472,3743190.875,2594.061
452,,268728.819,3743192.783,2595.528
453,,268733.036,3743196.769,2595.509
454,,268735.229,3743195.884,2593.336
455,,268737.397,3743195.025,2591.354
456,,268743.337,3743192.476,2588.600
457,,268743.191,3743198.450,2588.532
458,,268741.913,3743198.312,2589.377
459,,268738.853,3743200.804,2590.335
460,,268737.579,3743201.626,2591.537
461,,268736.645,3743201.473,2592.747
462,,268734.188,3743203.331,2594.829
463,,268742.488,3743206.201,2588.681
464,,268740.349,3743207.741,2589.326
465,,268738.615,3743209.008,2590.583
466,,268736.653,3743211.417,2591.897
467,,268735.833,3743212.179,2595.111
468,,268745.715,3743211.561,2588.785
469,,268741.857,3743215.283,2589.401
470,,268739.558,3743217.369,2590.261
471,,268737.215,3743221.643,2591.768
472,,268735.532,3743224.077,2593.867
473,,268740.546,3743227.572,2589.149
474,,268739.171,3743230.445,2590.147
475,,268738.202,3743231.627,2592.662
476,,268736.514,3743233.688,2595.988
477,,268766.537,3743084.533,2599.810
478,,268766.546,3743082.466,2600.422
479,,268766.794,3743078.613,2600.815
480,,268766.649,3743080.285,2600.564
481,,268768.190,3743077.470,2601.757
482,,268768.789,3743076.963,2603.410
483,,268769.382,3743073.366,2603.956
484,,268770.359,3743072.526,2600.648
485,,268766.689,3743072.935,2599.277
486,,268766.550,3743079.040,2598.384
487,,268765.776,3743084.896,2597.328
488,,268765.046,3743087.627,2598.501
489,,268764.803,3743087.590,2600.590
490,,268763.677,3743091.363,2598.348
491,,268764.009,3743091.432,2600.270
492,,268763.444,3743094.086,2600.252
493,,268763.452,3743094.238,2598.393
494,,268762.703,3743097.586,2598.360
495,,268763.863,3743097.895,2600.399
496,,268761.692,3743101.042,2598.353
497,,268762.557,3743101.550,2599.318
498,,268760.644,3743106.728,2599.767
499,,268759.503,3743105.902,2598.354
500,,268759.568,3743109.888,2599.638
501,,268759.010,3743109.455,2598.354
502,,268759.264,3743112.545,2600.162
503,,268757.334,3743112.130,2598.360
504,,268760.547,3743116.822,2599.912
505,,268756.713,3743116.372,2598.601
506,,268758.126,3743119.876,2600.683
507,,268755.606,3743120.542,2598.413
508,,268760.911,3743122.918,2600.616
509,,268758.647,3743124.361,2598.362
510,,268764.807,3743129.325,2600.268
511,,268761.763,3743129.755,2598.755
512,,268766.690,3743133.654,2601.330
513,,268763.699,3743134.489,2599.114
514,,268767.015,3743139.805,2600.556
515,,268764.143,3743139.155,2598.704
516,,268769.140,3743148.078,2600.134
517,,268765.260,3743147.271,2599.035
518,,268768.375,3743154.564,2600.701
519,,268765.725,3743155.828,2598.952
520,,268767.638,3743161.413,2600.286
521,,268763.548,3743158.458,2598.694
522,,268765.358,3743167.055,2600.282
523,,268762.191,3743163.649,2598.665
524,,268761.993,3743169.472,2600.428
525,,268759.334,3743168.350,2598.369
526,,268758.548,3743174.451,2600.342
527,,268757.433,3743174.264,2598.362
528,,268757.800,3743176.579,2600.220
529,,268755.094,3743195.411,2600.025
530,,268753.685,3743195.860,2598.496
531,,268754.650,3743201.821,2599.782
532,,268753.205,3743197.380,2598.533
533,,268756.112,3743205.813,2599.783
534,,268753.775,3743203.630,2598.786
535,,268755.973,3743208.125,2599.779
536,,268755.588,3743208.539,2598.366
537,,268756.566,3743211.591,2599.705
538,,268755.791,3743211.471,2598.373
539,,268756.291,3743218.579,2599.585
540,,268755.941,3743218.456,2598.377
541,,268757.830,3743222.955,2599.538
542,,268755.486,3743220.789,2598.376
543,,268758.078,3743225.966,2599.276
544,,268756.707,3743225.201,2598.389
545,,268757.571,3743227.518,2599.122
546,,268757.171,3743227.664,2598.346
547,,268758.325,3743226.834,2600.111
548,,268756.431,3743219.429,2600.178
549,,268756.696,3743214.125,2600.240
550,,268756.605,3743206.376,2600.431
551,,268755.751,3743200.397,2600.891
552,,268754.783,3743196.618,2600.983
553,,268760.101,3743182.417,2602.724
554,,268759.757,3743174.428,2602.323
555,,268761.714,3743171.171,2601.525
556,,268765.910,3743168.280,2601.315
557,,268767.656,3743162.082,2600.897
558,,268772.060,3743157.208,2602.741
559,,268770.289,3743150.617,2601.214
560,,268770.446,3743146.631,2602.188
561,,268768.274,3743140.692,2602.342
562,,268766.764,3743137.281,2601.100
563,,268765.766,3743131.265,2601.924
564,,268765.843,3743126.553,2601.770
565,,268762.436,3743124.052,2601.823
566,,268758.260,3743119.919,2600.756
567,,268759.037,3743112.170,2599.967
568,,268759.875,3743110.409,2600.140
569,,268762.996,3743106.821,2600.207
570,,268765.709,3743100.589,2601.196
571,,268764.430,3743103.623,2601.102
572,,268767.077,3743096.636,2602.903
573,,268765.901,3743090.396,2602.480
574,,268766.797,3743087.584,2603.166
575,,268768.843,3743084.628,2601.508
576,,268768.957,3743079.142,2600.992
577,,268706.718,3743107.005,2610.048
578,,268710.934,3743109.869,2606.260
579,,268713.880,3743111.378,2603.644
580,,268716.855,3743111.880,2601.514
581,,268705.792,3743109.060,2610.229
582,,268710.791,3743112.425,2606.025
583,,268713.965,3743113.654,2603.264
584,,268718.548,3743117.334,2600.468
585,,268704.437,3743118.050,2611.058
586,,268706.974,3743118.595,2608.140
587,,268711.042,3743119.962,2604.259
588,,268717.702,3743122.383,2599.899
589,,268702.989,3743125.848,2611.884
590,,268707.759,3743125.815,2606.863
591,,268711.178,3743126.103,2603.108
592,,268715.368,3743125.949,2600.044
593,,268701.463,3743135.036,2611.623
594,,268704.907,3743134.468,2607.828
595,,268709.732,3743133.549,2602.842
596,,268718.162,3743132.833,2600.689
597,,268701.162,3743139.576,2611.316
598,,268705.674,3743139.223,2606.981
599,,268711.678,3743138.453,2602.031
600,,268717.083,3743138.011,2599.964
601,,268700.889,3743146.060,2610.550
602,,268703.622,3743145.605,2607.818
603,,268710.240,3743144.504,2604.180
604,,268716.971,3743143.811,2601.416
605,,268722.845,3743142.717,2599.925
606,,268719.919,3743168.419,2599.638
607,,268719.273,3743168.750,2603.249
608,,268717.934,3743168.359,2605.284
609,,268716.036,3743168.345,2607.371
610,,268715.287,3743162.727,2606.946
611,,268717.546,3743162.270,2603.891
612,,268720.684,3743160.261,2601.411
613,,268725.156,3743156.432,2600.647
614,,268712.795,3743158.914,2607.289
615,,268716.570,3743156.095,2604.085
616,,268718.880,3743154.371,2601.838
617,,268723.320,3743151.774,2600.570
618,,268713.203,3743152.338,2607.140
619,,268716.685,3743150.425,2602.714
620,,268719.319,3743148.796,2601.465
621,,268724.415,3743146.395,2599.944
622,,268717.424,3743250.198,2605.728
623,,268713.185,3743250.871,2607.080
624,,268707.843,3743248.391,2611.496
625,,268702.783,3743239.015,2611.791
626,,268711.231,3743239.086,2605.789
627,,268707.123,3743242.095,2609.384
628,,268708.659,3743230.636,2606.485
629,,268700.560,3743233.906,2610.749
630,,268703.395,3743224.039,2612.859
631,,268703.612,3743210.239,2612.652
632,,268713.992,3743218.918,2606.415
633,,268713.377,3743264.828,2614.084
634,,268713.371,3743260.746,2614.578
635,,268710.565,3743256.295,2614.563
636,,268708.288,3743251.876,2614.077
637,,268705.465,3743246.209,2614.025
638,,268706.884,3743249.237,2613.711
639,,268718.263,3743252.848,2607.818
640,,268720.474,3743257.311,2607.861
641,,268720.473,3743257.310,2606.561
642,,268723.209,3743253.722,2604.833
643,,268720.587,3743251.583,2604.653
644,,268716.834,3743248.991,2605.043
645,,268715.923,3743241.873,2604.124
646,,268715.934,3743241.846,2604.126
647,,268715.271,3743239.016,2604.272
648,,268718.526,3743267.696,2610.849
649,,268715.704,3743256.975,2610.564
650,,268713.689,3743250.963,2610.033
651,,268710.051,3743248.155,2610.227
652,,268714.729,3743239.787,2604.536
653,,268711.001,3743241.217,2607.462
654,,268706.396,3743239.727,2611.632
655,,268698.151,3743245.708,2615.467
656,,268697.585,3743238.300,2615.030
657,,268703.784,3743236.872,2611.241
658,,268708.876,3743235.583,2607.203
659,,268713.553,3743233.236,2604.842
660,,268716.053,3743223.941,2605.507
661,,268710.397,3743225.616,2607.211
662,,268705.024,3743227.035,2611.365
663,,268698.701,3743228.194,2615.152
664,,268700.548,3743222.164,2615.166
665,,268706.076,3743221.514,2611.026
666,,268713.462,3743219.363,2607.827
667,,268716.066,3743218.086,2605.238
668,,268715.317,3743211.706,2604.723
669,,268708.555,3743211.907,2609.231
670,,268705.715,3743212.009,2611.522
671,,268700.731,3743212.188,2615.099
672,,268701.058,3743203.740,2615.347
673,,268706.254,3743205.097,2611.563
674,,268709.953,3743205.238,2608.225
675,,268715.457,3743206.825,2604.687
676,,268713.698,3743194.281,2606.422
677,,268713.589,3743196.735,2606.243
678,,268713.514,3743198.854,2606.405
679,,268710.751,3743192.395,2609.262
680,,268710.490,3743194.411,2609.119
681,,268707.831,3743198.035,2609.032
682,,268709.018,3743200.486,2609.029
683,,268705.295,3743204.813,2611.414
684,,268706.845,3743201.136,2610.883
685,,268705.702,3743198.321,2611.148
686,,268704.808,3743194.632,2611.410
687,,268700.876,3743207.269,2615.430
688,,268700.127,3743202.784,2615.352
689,,268700.064,3743200.482,2615.403
690,,268699.984,3743196.744,2615.455
691,,268715.350,3743164.242,2606.404
692,,268717.774,3743172.404,2605.848
693,,268718.133,3743177.441,2606.026
694,,268716.512,3743179.955,2605.979
695,,268716.176,3743182.850,2605.675
696,,268715.773,3743186.374,2605.755
697,,268714.128,3743190.662,2606.307
698,,268711.533,3743192.061,2608.262
699,,268713.261,3743190.820,2608.465
700,,268712.367,3743188.407,2608.459
701,,268711.809,3743184.897,2608.451
702,,268712.873,3743180.673,2608.364
703,,268713.501,3743177.744,2608.352
704,,268715.018,3743174.761,2608.341
705,,268716.117,3743173.738,2608.336
706,,268713.990,3743164.725,2608.609
707,,268714.778,3743161.693,2608.157
708,,268713.566,3743162.179,2611.677
709,,268714.507,3743169.876,2611.232
710,,268712.762,3743172.867,2611.897
711,,268709.808,3743177.155,2612.142
712,,268709.392,3743183.094,2612.605
713,,268708.650,3743186.106,2612.767
714,,268708.747,3743186.840,2614.065
715,,268708.291,3743189.792,2614.510
716,,268710.261,3743189.522,2612.783
717,,268707.224,3743190.790,2612.640
718,,268705.387,3743193.368,2612.476
719,,268701.793,3743192.114,2616.029
720,,268702.968,3743189.417,2616.402
721,,268703.882,3743184.214,2616.426
722,,268708.014,3743180.687,2614.680
723,,268707.014,3743176.661,2614.900
724,,268707.089,3743172.589,2615.850
725,,268709.892,3743169.199,2615.532
726,,268711.301,3743164.156,2615.638
727,,268710.278,3743157.238,2615.884
728,,268759.451,3743024.554,2587.480
729,,268756.473,3743022.226,2587.816
730,,268755.889,3743024.412,2587.722
731,,268755.558,3743026.539,2587.807
732,,268753.818,3743030.130,2587.922
733,,268751.728,3743030.804,2589.566
734,,268752.298,3743025.777,2590.131
735,,268751.713,3743022.584,2590.568
736,,268737.906,3743024.504,2596.870
737,,268733.346,3743029.870,2598.137
738,,268742.048,3743028.261,2593.250
739,,268725.041,3743028.959,2602.855
740,,268733.771,3743022.597,2600.636
741,,268712.995,3743021.224,2611.567
742,,268720.399,3743027.563,2607.950
743,,268712.543,3743028.170,2615.696
744,,268713.151,3743021.588,2615.217
745,,268710.966,3743025.928,2619.790
746,,268712.163,3743032.630,2618.314
747,,268735.228,3743039.061,2592.626
748,,268735.671,3743038.015,2597.892
749,,268730.548,3743039.991,2605.171
750,,268729.789,3743040.394,2609.464
751,,268728.836,3743040.902,2614.740
752,,268729.994,3743035.489,2612.551
753,,268731.833,3743032.166,2610.262
754,,268733.873,3743033.479,2605.964
755,,268735.903,3743032.775,2600.366
756,,268734.916,3743033.966,2594.109
757,,268733.518,3743045.936,2594.705
758,,268732.984,3743046.374,2598.467
759,,268730.406,3743048.499,2604.893
760,,268733.559,3743049.460,2603.597
761,,268732.566,3743051.100,2598.735
762,,268731.206,3743055.858,2596.700
763,,268733.649,3743048.796,2594.818
764,,268734.465,3743049.077,2590.695
765,,268731.970,3743056.151,2591.523
766,,268730.982,3743055.532,2597.247
767,,268732.976,3743062.140,2590.390
768,,268732.685,3743057.636,2594.857
769,,268739.174,3743043.363,2588.561
770,,268744.771,3743040.617,2588.719
771,,268750.873,3743037.272,2587.181
772,,268748.987,3743042.483,2586.784
773,,268747.370,3743045.636,2586.718
774,,268741.275,3743050.941,2586.473
775,,268744.201,3743055.904,2585.682
776,,268742.316,3743040.197,2589.246
777,,268738.647,3743042.299,2589.205
778,,268737.651,3743039.752,2590.590
779,,268722.859,3743045.447,2617.055
780,,268726.199,3743045.643,2610.914
781,,268719.199,3743049.744,2616.897
782,,268715.532,3743053.487,2617.243
783,,268711.927,3743057.272,2617.578
784,,268708.366,3743060.857,2617.738
785,,268706.923,3743063.200,2616.878
786,,268697.749,3743069.683,2618.197
787,,268705.133,3743068.208,2612.197
788,,268710.844,3743062.562,2611.740
789,,268714.775,3743058.112,2611.994
790,,268719.721,3743053.613,2610.839
791,,268728.195,3743048.379,2607.428
792,,268727.375,3743052.010,2602.377
793,,268722.381,3743057.761,2602.899
794,,268714.454,3743063.823,2604.972
795,,268706.789,3743070.986,2605.912
796,,268707.745,3743072.467,2601.620
797,,268716.599,3743066.151,2599.784
798,,268725.268,3743060.002,2598.151
799,,268719.123,3743066.637,2595.893
800,,268716.894,3743070.051,2594.058
801,,268711.021,3743072.443,2598.380
802,,268706.471,3743074.308,2601.761
803,,268727.631,3743068.160,2590.915
804,,268732.960,3743065.211,2587.208
805,,268735.503,3743062.392,2586.927
806,,268710.345,3743025.645,2621.259
807,,268701.768,3743025.113,2622.443
808,,268701.032,3743029.381,2622.224
809,,268698.820,3743031.468,2622.662
810,,268706.372,3743034.272,2621.415
811,,268709.786,3743030.563,2620.460
812,,268711.644,3743036.381,2618.932
813,,268708.245,3743038.764,2619.523
814,,268712.738,3743038.132,2617.588
815,,268708.366,3743041.665,2618.339
816,,268706.546,3743043.000,2618.806
817,,268707.872,3743044.758,2618.399
818,,268710.106,3743041.768,2617.533
819,,268715.204,3743040.121,2617.189
820,,268719.743,3743041.767,2617.589
821,,268721.897,3743044.835,2618.262
822,,268719.351,3743047.376,2618.412
823,,268716.646,3743049.626,2618.255
824,,268714.081,3743051.782,2618.780
825,,268710.756,3743049.886,2619.291
826,,268703.734,3743052.355,2619.916
827,,268705.529,3743058.729,2619.048
828,,268706.103,3743045.549,2618.988
829,,268703.479,3743039.792,2622.904
830,,268702.502,3743044.437,2622.306
831,,268701.072,3743049.017,2622.488
832,,268701.536,3743052.596,2622.591
833,,268701.629,3743057.899,2622.638
834,,268702.115,3743062.222,2621.977
835,,268699.461,3743062.708,2625.983
836,,268698.117,3743058.923,2626.865
837,,268698.498,3743052.419,2626.403
838,,268700.222,3743046.896,2625.791
839,,268699.078,3743041.420,2626.677
840,,268701.140,3743038.753,2625.560
841,,268698.461,3743037.981,2629.316
842,,268699.939,3743043.043,2629.051
843,,268698.380,3743052.783,2629.066
844,,268695.705,3743058.227,2628.921
845,,268694.847,3743063.954,2629.021
846,,268700.364,3743027.658,2625.004
847,,268696.664,3743027.445,2631.132
848,,268694.498,3743030.552,2631.969
849,,268709.877,3743078.790,2601.614
850,,268713.755,3743078.790,2599.376
851,,268697.089,3743083.790,2603.197
852,,268747.249,3743083.790,2586.540
853,,268692.293,3743088.790,2606.014
854,,268689.124,3743093.790,2604.372
855,,268689.246,3743098.790,2604.237
856,,268689.331,3743102.290,2604.142
857,,268734.559,3743102.290,2589.423
858,,268701.530,3743103.790,2615.000
859,,268699.379,3743108.790,2615.000
860,,268702.102,3743113.790,2615.000
861,,268701.884,3743116.290,2615.000
862,,268700.874,3743118.790,2615.000
863,,268700.415,3743123.790,2615.000
864,,268699.688,3743128.790,2615.000
865,,268699.020,3743132.290,2615.000
866,,268697.475,3743138.790,2615.000
867,,268696.911,3743143.790,2615.000
868,,268698.568,3743148.290,2615.000
869,,268706.439,3743153.790,2615.000
870,,268725.385,3743158.790,2601.695
871,,268705.149,3743164.290,2614.192
872,,268706.201,3743168.790,2615.091
873,,268717.873,3743173.790,2605.897
874,,268725.749,3743173.790,2596.880
875,,268726.535,3743182.140,2601.525
876,,268714.846,3743188.790,2606.066
877,,268714.784,3743199.290,2605.783
878,,268714.717,3743203.790,2605.341
879,,268715.401,3743208.790,2604.702
880,,268721.195,3743215.290,2603.090
881,,268732.664,3743215.290,2598.309
882,,268734.341,3743218.790,2595.384
883,,268729.670,3743223.790,2600.759
884,,268715.974,3743233.790,2604.200
885,,268689.449,3743238.790,2615.000
886,,268687.424,3743243.790,2615.000
887,,268749.765,3743243.790,2589.045
888,,268682.700,3743245.290,2615.000
889,,268694.615,3743245.290,2615.493
890,,268750.093,3743245.290,2591.335
891,,268700.268,3743248.790,2614.581
892,,268689.544,3743253.790,2615.311
893,,268703.075,3743263.790,2615.114
894,,268676.324,3743268.790,2640.999
895,,268740.106,3743268.790,2593.463
896,,268750.799,3743268.790,2593.463
897,,268676.707,3743273.790,2639.809
898,,268684.636,3743273.790,2635.523
899,,268757.759,3743273.790,2584.470
900,,268704.763,3743278.790,2614.651
901,,268732.920,3743278.790,2585.689
902,,268763.247,3743278.790,2584.914
903,,268706.112,3743283.790,2614.588
904,,268741.090,3743283.790,2585.931
905,,268760.544,3743283.790,2584.607
906,,268741.239,3743288.790,2586.150
907,,268708.543,3743288.790,2614.143
908,,268717.800,3743288.790,2609.467
909,,268720.806,3743293.790,2606.416
910,,268740.961,3743293.790,2589.429
911,,268722.667,3743258.032,2606.760
912,,268726.624,3743257.639,2603.296
913,,268719.413,3743202.226,2603.374
914,,268715.187,3743290.509,2610.622
915,,268718.289,3743291.225,2608.373
916,,268730.721,3743290.558,2599.735
917,,268737.255,3743290.651,2594.927
918,,268735.874,3743286.654,2595.799
919,,268731.581,3743285.334,2599.112
920,,268720.943,3743286.613,2607.279
921,,268713.819,3743285.821,2610.807
922,,268721.831,3743282.106,2608.013
923,,268725.885,3743282.540,2603.777
924,,268731.547,3743281.492,2593.369
925,,268736.414,3743280.929,2585.793
926,,268740.840,3743279.972,2587.848
927,,268751.624,3743277.470,2585.008
928,,268747.047,3743280.216,2585.409
929,,268745.453,3743268.790,2593.463
930,,268759.472,3743279.939,2584.554
931,,268760.913,3743276.663,2584.725
932,,268759.662,3743271.510,2588.919
933,,268756.487,3743266.084,2594.181
934,,268742.940,3743265.710,2594.688
935,,268722.449,3743211.290,2602.153
936,,268720.904,3743277.314,2608.426
937,,268728.081,3743276.290,2594.093
938,,268693.351,3743264.979,2622.847
939,,268710.834,3743266.068,2615.290
940,,268683.167,3743261.916,2628.336
941,,268682.150,3743259.417,2628.157
942,,268680.838,3743254.170,2624.203
943,,268727.468,3743201.540,2600.228
944,,268718.782,3743087.065,2598.731
945,,268710.912,3743086.290,2601.886
946,,268713.579,3743086.124,2602.034
947,,268717.782,3743185.790,2605.106
948,,268722.434,3743185.772,2603.214
949,,268722.776,3743196.898,2602.605
950,,268717.304,3743196.569,2605.079
951,,268723.459,3743191.114,2602.983
952,,268717.527,3743191.454,2605.157
953,,268723.787,3743217.331,2602.131
954,,268726.484,3743221.112,2601.536
955,,268719.965,3743221.460,2603.861
956,,268721.776,3743225.976,2602.645
957,,268722.686,3743235.040,2602.624
958,,268719.972,3743241.716,2603.615
959,,268724.175,3743247.325,2604.116
960,,268722.948,3743250.182,2605.280
961,,268744.997,3743243.790,2592.519
962,,268742.199,3743251.215,2593.538
963,,268747.538,3743253.790,2594.079
964,,268742.861,3743258.340,2594.058
965,,268752.800,3743264.558,2593.551
966,,268695.420,3743258.133,2615.225
967,,268701.184,3743253.687,2614.755
968,,268692.079,3743249.540,2615.402
969,,268747.209,3743274.336,2590.678
970,,268736.657,3743270.545,2590.851
971,,268706.873,3743259.221,2614.798
972,,268731.475,3743227.540,2599.994
973,,268735.019,3743228.342,2596.008
974,,268732.194,3743221.290,2598.848
975,,268732.182,3743216.779,2598.746
976,,268729.654,3743241.533,2601.434
977,,268714.767,3743281.918,2610.751
978,,268724.051,3743167.115,2598.475
979,,268722.172,3743176.290,2602.205
980,,268724.284,3743171.902,2598.764
981,,268724.465,3743161.283,2601.228
982,,268707.552,3743161.540,2615.037
983,,268707.273,3743167.277,2615.441
984,,268709.019,3743163.297,2615.870
985,,268707.251,3743158.790,2614.643
986,,268703.029,3743151.407,2615.000
987,,268709.672,3743150.941,2607.619
988,,268707.866,3743146.334,2603.423
989,,268705.624,3743099.891,2609.283
990,,268697.423,3743097.121,2611.005
991,,268694.759,3743102.957,2608.973
992,,268707.353,3743103.790,2606.057
993,,268710.577,3743106.091,2603.265
994,,268712.938,3743106.779,2601.784
995,,268715.715,3743105.771,2599.226
996,,268719.297,3743107.092,2597.430
997,,268721.550,3743105.370,2597.283
998,,268723.812,3743107.527,2595.027
999,,268725.738,3743105.516,2594.870
1000,,268731.686,3743106.290,2591.432
1001,,268735.345,3743106.290,2588.925
1002,,268730.181,3743111.076,2591.480
1003,,268724.380,3743111.215,2595.214
1004,,268719.900,3743110.881,2596.337
1005,,268719.862,3743100.134,2598.309
1006,,268723.640,3743100.192,2597.466
1007,,268729.628,3743100.904,2593.564
1008,,268738.565,3743100.201,2587.115
1009,,268699.915,3743090.721,2603.822
1010,,268709.845,3743095.871,2603.389
1011,,268715.431,3743096.822,2599.943
1012,,268721.621,3743095.870,2598.459
1013,,268728.341,3743096.290,2594.458
1014,,268736.118,3743095.904,2588.261
1015,,268741.858,3743097.374,2587.032
1016,,268711.561,3743091.290,2601.521
1017,,268717.930,3743092.011,2601.563
1018,,268723.677,3743091.175,2600.815
1019,,268726.924,3743091.985,2597.797
1020,,268732.039,3743091.518,2593.399
1021,,268738.369,3743091.190,2591.561
1022,,268745.858,3743091.671,2588.947
1023,,268702.641,3743081.186,2602.279
1024,,268730.436,3743085.890,2598.359
1025,,268741.349,3743086.290,2592.325
1026,,268719.250,3743077.214,2598.634
1027,,268722.706,3743070.596,2596.866
1028,,268740.283,3743081.482,2590.447
1029,,268705.390,3743073.914,2603.597
1030,,268714.317,3743073.564,2599.445
1031,,268721.112,3743074.336,2598.077
1032,,268735.674,3743078.952,2591.560
1033,,268741.524,3743078.890,2589.346
1034,,268744.869,3743078.606,2586.660
1035,,268746.759,3743079.690,2586.606
1036,,268747.376,3743084.006,2586.621
1037,,268734.900,3743083.480,2595.577
1038,,268733.448,3743083.888,2599.535
1039,,268729.546,3743083.554,2599.771
1040,,268723.289,3743083.969,2602.221
1041,,268715.970,3743083.670,2600.133
1042,,268709.249,3743083.978,2601.131
1043,,268709.909,3743078.978,2601.593
1044,,268707.612,3743078.855,2601.457
1045,,268711.112,3743088.898,2602.653
1046,,268718.437,3743088.572,2602.824
1047,,268724.572,3743088.935,2602.672
1048,,268729.555,3743088.624,2597.780
1049,,268735.056,3743088.905,2595.831
1050,,268744.767,3743088.660,2591.874
1051,,268712.134,3743094.216,2600.310
1052,,268716.653,3743093.620,2600.604
1053,,268722.732,3743094.066,2598.539
1054,,268726.882,3743093.612,2595.745
1055,,268734.127,3743094.019,2589.783
1056,,268736.434,3743093.481,2589.353
1057,,268741.265,3743094.152,2586.902
1058,,268737.191,3743098.896,2587.125
1059,,268734.585,3743098.637,2589.267
1060,,268729.889,3743098.870,2593.255
1061,,268725.917,3743098.608,2596.709
1062,,268723.067,3743098.938,2598.207
1063,,268718.333,3743098.652,2598.632
1064,,268713.079,3743099.007,2600.035
1065,,268734.559,3743102.203,2589.419
1066,,268737.299,3743103.936,2587.159
1067,,268726.032,3743103.601,2595.070
1068,,268718.813,3743103.894,2598.730
1069,,268710.437,3743102.442,2600.527
1070,,268710.311,3743104.027,2601.736
1071,,268713.652,3743102.107,2599.948
1072,,268737.609,3743108.877,2587.116
1073,,268734.559,3743108.675,2589.173
1074,,268732.384,3743108.877,2590.329
1075,,268723.040,3743108.676,2595.657
1076,,268719.537,3743108.922,2596.730
1077,,268713.651,3743108.715,2600.165
1078,,268732.649,3743113.827,2589.839
1079,,268734.559,3743116.209,2587.959
1080,,268727.634,3743113.727,2592.804
1081,,268723.759,3743113.890,2595.741
1082,,268720.447,3743113.687,2595.785
1083,,268711.682,3743148.372,2605.673
1084,,268705.106,3743148.045,2609.566
1085,,268708.364,3743153.924,2613.556
1086,,268709.771,3743159.001,2615.816
1087,,268703.755,3743158.575,2613.132
1088,,268709.019,3743164.418,2615.846
1089,,268710.632,3743165.580,2615.665
1090,,268708.929,3743169.032,2615.711
1091,,268699.786,3743273.628,2619.077
1092,,268693.035,3743273.628,2629.132
1093,,268690.332,3743273.423,2631.579
1094,,268681.128,3743273.221,2638.169
1095,,268686.344,3743268.622,2633.379
1096,,268697.353,3743269.015,2618.274
1097,,268701.349,3743268.579,2616.855
1098,,268708.260,3743269.191,2616.655
1099,,268713.420,3743268.664,2612.851
1100,,268718.548,3743268.983,2609.012
1101,,268727.802,3743268.621,2593.683
1102,,268712.331,3743288.399,2612.675
1103,,268724.927,3743288.391,2603.448
1104,,268734.459,3743289.218,2597.363
1105,,268737.461,3743293.476,2594.565
1106,,268734.559,3743293.381,2596.713
1107,,268723.040,3743293.586,2606.535
1108,,268727.354,3743293.790,2602.092
1109,,268740.922,3743284.076,2586.386
1110,,268727.670,3743284.599,2600.194
1111,,268719.244,3743283.460,2608.445
1112,,268709.909,3743284.030,2612.725
1113,,268711.868,3743278.931,2613.163
1114,,268716.004,3743278.542,2610.366
1115,,268725.873,3743279.061,2602.298
1116,,268708.879,3743273.597,2616.578
1117,,268713.341,3743274.029,2612.069
1118,,268719.006,3743273.547,2609.536
1119,,268730.116,3743273.474,2586.490
1120,,268728.807,3743263.452,2601.362
1121,,268738.190,3743264.151,2595.308
1122,,268725.071,3743253.524,2604.591
1123,,268730.346,3743254.097,2599.880
1124,,268734.044,3743253.627,2596.304
1125,,268761.211,3743254.080,2595.179
1126,,268728.943,3743248.634,2600.118
1127,,268734.549,3743248.883,2595.417
1128,,268741.855,3743248.362,2593.843
1129,,268745.794,3743249.283,2593.843
1130,,268725.518,3743243.226,2602.406
1131,,268729.520,3743245.524,2600.886
1132,,268733.285,3743245.109,2596.318
1133,,268738.169,3743244.044,2594.559
1134,,268750.475,3743238.549,2588.677
1135,,268734.884,3743239.226,2595.518
1136,,268725.295,3743238.459,2602.176
1137,,268716.181,3743239.126,2604.385
1138,,268744.811,3743238.571,2592.315
1139,,268728.881,3743234.014,2600.737
1140,,268734.559,3743233.602,2597.179
1141,,268720.375,3743231.152,2602.958
1142,,268728.969,3743231.519,2600.637
1143,,268733.729,3743230.865,2598.817
1144,,268736.959,3743231.619,2594.468
1145,,268734.509,3743224.060,2595.586
1146,,268727.649,3743218.508,2601.127
1147,,268731.616,3743219.110,2599.273
1148,,268734.598,3743215.517,2595.037
1149,,268734.027,3743213.615,2595.746
1150,,268729.175,3743213.934,2599.749
1151,,268726.222,3743215.568,2601.083
1152,,268732.861,3743208.597,2598.145
1153,,268729.645,3743209.219,2599.404
1154,,268724.435,3743208.386,2601.143
1155,,268720.355,3743209.344,2602.648
1156,,268721.828,3743204.070,2602.106
1157,,268728.805,3743203.187,2599.525
1158,,268731.374,3743204.189,2598.675
1159,,268724.741,3743199.006,2601.415
1160,,268730.296,3743199.514,2598.696
1161,,268729.125,3743193.994,2596.322
1162,,268726.862,3743193.414,2601.874
1163,,268719.667,3743194.018,2604.419
1164,,268719.779,3743189.139,2604.408
1165,,268726.545,3743188.469,2601.775
1166,,268720.458,3743183.625,2603.911
1167,,268721.646,3743181.466,2603.730
1168,,268724.784,3743183.743,2602.193
1169,,268719.664,3743178.473,2605.145
1170,,268726.252,3743179.346,2601.550
1171,,268723.247,3743173.374,2599.775
1172,,268725.817,3743174.138,2597.188
1173,,268721.438,3743168.134,2599.106
1174,,268725.494,3743169.274,2597.239
1175,,268721.532,3743165.642,2600.137
1176,,268726.570,3743165.335,2597.764
1177,,268755.299,3743073.790,2586.232
1178,,268755.317,3743073.790,2586.234
1179,,268755.484,3743073.790,2586.249
1180,,268774.177,3743073.790,2603.127
1181,,268768.930,3743078.790,2601.383
1182,,268778.626,3743078.790,2612.033
1183,,268767.953,3743083.790,2601.087
1184,,268783.356,3743083.790,2614.834
1185,,268769.434,3743088.790,2610.982
1186,,268787.223,3743088.790,2616.737
1187,,268789.619,3743093.790,2614.431
1188,,268789.880,3743098.790,2614.253
1189,,268790.027,3743102.290,2614.114
1190,,268764.005,3743103.790,2603.605
1191,,268790.306,3743103.790,2614.247
1192,,268790.813,3743108.790,2614.326
1193,,268758.434,3743113.790,2599.654
1194,,268791.319,3743113.790,2614.405
1195,,268791.160,3743116.290,2614.091
1196,,268791.573,3743116.290,2614.444
1197,,268757.688,3743118.790,2600.038
1198,,268791.661,3743118.790,2614.343
1199,,268762.084,3743123.790,2601.544
1200,,268768.686,3743123.790,2602.835
1201,,268779.268,3743123.790,2612.875
1202,,268782.328,3743123.790,2614.174
1203,,268791.750,3743123.790,2614.435
1204,,268765.007,3743128.790,2600.558
1205,,268791.384,3743128.790,2614.322
1206,,268765.109,3743132.290,2601.031
1207,,268791.018,3743133.790,2614.209
1208,,268790.653,3743138.790,2614.096
1209,,268790.287,3743143.790,2613.983
1210,,268789.884,3743148.290,2613.903
1211,,268789.491,3743153.790,2613.781
1212,,268786.898,3743158.790,2612.885
1213,,268789.373,3743158.790,2613.728
1214,,268766.636,3743164.290,2600.624
1215,,268783.697,3743165.440,2612.931
1216,,268789.061,3743165.440,2613.515
1217,,268764.234,3743168.790,2600.936
1218,,268789.077,3743168.790,2613.576
1219,,268789.507,3743178.790,2613.677
1220,,268759.644,3743182.140,2602.400
1221,,268759.414,3743183.290,2602.297
1222,,268782.719,3743183.290,2613.940
1223,,268789.818,3743183.290,2614.066
1224,,268761.420,3743188.790,2605.336
1225,,268789.904,3743188.790,2614.486
1226,,268789.847,3743193.790,2614.481
1227,,268754.631,3743199.290,2593.837
1228,,268783.093,3743199.290,2612.971
1229,,268789.874,3743199.290,2614.450
1230,,268789.959,3743203.790,2614.530
1231,,268789.932,3743208.790,2614.475
1232,,268789.517,3743213.790,2614.162
1233,,268755.876,3743218.790,2598.377
1234,,268757.963,3743218.790,2600.679
1235,,268788.910,3743218.790,2613.722
1236,,268757.412,3743223.790,2599.111
1237,,268788.815,3743223.790,2613.640
1238,,268790.254,3743231.290,2615.065
1239,,268755.973,3743233.790,2590.991
1240,,268791.472,3743233.790,2616.280
1241,,268756.396,3743238.790,2591.854
1242,,268796.347,3743238.790,2621.139
1243,,268765.197,3743243.790,2593.520
1244,,268796.480,3743243.790,2621.102
1245,,268750.093,3743245.290,2591.335
1246,,268755.601,3743245.290,2591.403
1247,,268769.384,3743245.290,2594.510
1248,,268779.643,3743245.290,2609.038
1249,,268784.294,3743245.290,2609.932
1250,,268768.142,3743248.790,2596.403
1251,,268797.621,3743248.790,2624.854
1252,,268794.456,3743253.790,2622.575
1253,,268787.853,3743263.790,2611.618
1254,,268791.518,3743263.790,2619.030
1255,,268788.580,3743268.790,2615.484
1256,,268784.291,3743273.790,2611.157
1257,,268784.187,3743278.790,2608.759
1258,,268780.559,3743087.123,2616.089
1259,,268777.345,3743091.670,2615.627
1260,,268777.592,3743096.907,2613.655
1261,,268774.478,3743082.261,2614.087
1262,,268781.894,3743111.507,2612.539
1263,,268780.323,3743100.803,2613.149
1264,,268785.795,3743105.853,2613.234
1265,,268774.291,3743105.917,2611.419
1266,,268780.142,3743106.816,2611.470
1267,,268765.807,3743106.622,2604.986
1268,,268764.257,3743111.970,2601.176
1269,,268772.037,3743111.121,2605.835
1270,,268785.200,3743121.818,2614.277
1271,,268767.270,3743115.108,2602.218
1272,,268773.327,3743115.674,2605.787
1273,,268771.919,3743117.778,2604.773
1274,,268779.024,3743117.540,2612.702
1275,,268767.212,3743121.481,2602.455
1276,,268771.051,3743121.556,2604.408
1277,,268773.894,3743122.198,2607.168
1278,,268777.461,3743120.598,2610.814
1279,,268779.924,3743122.117,2613.393
1280,,268768.405,3743126.985,2602.558
1281,,268772.085,3743126.817,2605.804
1282,,268776.812,3743125.922,2612.114
1283,,268781.072,3743126.883,2614.187
1284,,268787.307,3743126.005,2614.049
1285,,268769.652,3743135.164,2602.711
1286,,268773.019,3743136.417,2605.363
1287,,268768.566,3743130.540,2602.482
1288,,268771.986,3743130.502,2605.702
1289,,268775.954,3743130.311,2611.715
1290,,268781.369,3743130.828,2614.164
1291,,268787.337,3743131.654,2613.871
1292,,268783.352,3743141.193,2613.763
1293,,268777.383,3743136.611,2610.831
1294,,268771.058,3743141.951,2602.832
1295,,268773.286,3743140.466,2604.236
1296,,268776.065,3743141.924,2607.873
1297,,268778.367,3743139.884,2612.254
1298,,268781.144,3743142.037,2613.432
1299,,268771.043,3743145.868,2602.089
1300,,268774.563,3743145.453,2604.380
1301,,268778.911,3743146.282,2610.732
1302,,268781.859,3743146.307,2613.454
1303,,268781.605,3743151.484,2612.763
1304,,268777.714,3743151.415,2606.654
1305,,268774.507,3743150.271,2602.505
1306,,268770.800,3743151.321,2601.874
1307,,268773.407,3743156.290,2602.949
1308,,268776.862,3743157.235,2604.751
1309,,268778.841,3743155.653,2607.411
1310,,268781.691,3743156.893,2612.338
1311,,268769.377,3743162.248,2602.156
1312,,268772.580,3743161.540,2603.347
1313,,268775.645,3743162.487,2604.222
1314,,268779.948,3743160.969,2607.601
1315,,268783.273,3743162.552,2612.916
1316,,268782.659,3743176.794,2613.640
1317,,268786.351,3743180.098,2613.818
1318,,268786.121,3743172.317,2613.406
1319,,268785.181,3743167.284,2613.274
1320,,268776.525,3743176.290,2613.870
1321,,268768.605,3743167.115,2603.462
1322,,268771.716,3743167.115,2604.412
1323,,268773.905,3743167.679,2605.114
1324,,268777.807,3743166.659,2606.851
1325,,268763.837,3743171.418,2602.659
1326,,268766.319,3743172.099,2604.286
1327,,268770.860,3743170.658,2606.357
1328,,268773.204,3743172.185,2609.756
1329,,268775.800,3743170.419,2609.687
1330,,268777.918,3743171.916,2612.221
1331,,268761.590,3743176.623,2603.592
1332,,268765.355,3743175.613,2605.426
1333,,268768.614,3743176.982,2609.704
1334,,268772.811,3743175.589,2612.406
1335,,268781.379,3743180.281,2613.830
1336,,268770.284,3743180.564,2611.476
1337,,268767.221,3743180.465,2608.873
1338,,268764.159,3743180.347,2605.460
1339,,268761.429,3743180.465,2603.720
1340,,268766.244,3743183.983,2606.756
1341,,268769.015,3743185.434,2608.703
1342,,268765.613,3743186.375,2606.080
1343,,268762.904,3743185.280,2604.661
1344,,268761.602,3743186.173,2604.450
1345,,268784.135,3743191.544,2613.827
1346,,268777.394,3743191.078,2612.222
1347,,268773.158,3743191.577,2610.371
1348,,268770.833,3743190.867,2608.536
1349,,268766.637,3743191.290,2606.101
1350,,268763.376,3743190.918,2605.683
1351,,268759.892,3743195.968,2603.255
1352,,268764.813,3743196.210,2605.618
1353,,268769.452,3743197.093,2605.848
1354,,268772.612,3743196.107,2608.282
1355,,268778.450,3743197.078,2611.682
1356,,268786.839,3743196.309,2613.843
1357,,268777.880,3743186.040,2613.679
1358,,268763.922,3743200.834,2604.700
1359,,268772.297,3743201.640,2606.706
1360,,268775.309,3743201.540,2610.289
1361,,268781.205,3743201.238,2612.811
1362,,268786.720,3743202.772,2614.156
1363,,268774.288,3743198.805,2609.649
1364,,268758.565,3743206.780,2601.127
1365,,268764.162,3743206.290,2603.378
1366,,268763.500,3743211.871,2602.514
1367,,268771.852,3743211.290,2605.123
1368,,268773.408,3743206.290,2606.480
1369,,268777.465,3743206.666,2611.743
1370,,268779.969,3743211.893,2613.708
1371,,268778.047,3743210.745,2612.145
1372,,268775.710,3743211.816,2607.813
1373,,268785.047,3743212.790,2613.742
1374,,268786.500,3743216.373,2613.500
1375,,268786.814,3743221.290,2613.213
1376,,268783.990,3743220.444,2612.812
1377,,268779.179,3743221.702,2608.412
1378,,268782.055,3743221.611,2611.399
1379,,268776.676,3743222.208,2606.359
1380,,268767.981,3743221.290,2603.184
1381,,268769.994,3743228.715,2604.574
1382,,268759.279,3743227.540,2596.287
1383,,268765.768,3743234.857,2598.342
1384,,268775.634,3743227.020,2606.618
1385,,268778.456,3743228.089,2607.864
1386,,268781.055,3743226.331,2609.890
1387,,268783.251,3743229.156,2612.511
1388,,268788.039,3743226.434,2613.570
1389,,268776.983,3743236.290,2607.630
1390,,268780.090,3743235.302,2609.399
1391,,268782.879,3743236.909,2611.596
1392,,268785.658,3743235.187,2613.163
1393,,268788.771,3743236.872,2614.132
1394,,268792.497,3743236.885,2615.759
1395,,268798.784,3743245.290,2623.568
1396,,268758.539,3743242.176,2592.279
1397,,268762.857,3743246.714,2593.847
1398,,268768.775,3743241.065,2596.480
1399,,268775.302,3743241.626,2603.580
1400,,268781.159,3743240.848,2607.611
1401,,268786.093,3743240.857,2612.356
1402,,268789.242,3743241.885,2614.243
1403,,268792.483,3743240.724,2615.174
1404,,268795.140,3743241.540,2618.795
1405,,268783.609,3743276.487,2609.501
1406,,268783.809,3743271.805,2609.369
1407,,268784.897,3743266.763,2609.833
1408,,268782.993,3743267.430,2606.646
1409,,268789.346,3743255.255,2615.329
1410,,268792.138,3743258.489,2619.380
1411,,268794.539,3743247.040,2619.338
1412,,268791.918,3743251.749,2618.954
1413,,268782.035,3743278.490,2608.343
1414,,268782.059,3743273.479,2608.542
1415,,268781.511,3743268.609,2605.155
1416,,268783.236,3743269.450,2607.250
1417,,268792.661,3743254.015,2619.675
1418,,268788.958,3743253.586,2615.144
1419,,268790.604,3743249.304,2617.592
1420,,268795.349,3743248.411,2622.094
1421,,268796.281,3743245.037,2620.131
1422,,268791.704,3743245.649,2616.585
1423,,268789.775,3743243.929,2614.209
1424,,268791.524,3743243.597,2614.781
1425,,268794.320,3743243.943,2617.134
1426,,268785.554,3743243.890,2610.753
1427,,268782.434,3743243.648,2608.591
1428,,268779.809,3743243.911,2609.773
1429,,268777.761,3743243.418,2608.918
1430,,268771.073,3743243.656,2597.444
1431,,268760.528,3743248.398,2594.192
1432,,268754.191,3743248.957,2592.576
1433,,268776.990,3743245.650,2607.131
1434,,268762.991,3743239.093,2593.072
1435,,268771.795,3743238.441,2599.445
1436,,268774.811,3743239.005,2603.279
1437,,268777.684,3743238.559,2607.894
1438,,268779.148,3743239.130,2608.565
1439,,268781.004,3743238.609,2608.216
1440,,268783.539,3743238.944,2611.703
1441,,268786.437,3743239.143,2613.323
1442,,268788.949,3743238.527,2614.572
1443,,268790.892,3743239.009,2614.120
1444,,268793.073,3743238.625,2615.466
1445,,268795.616,3743238.954,2620.197
1446,,268789.581,3743233.636,2614.061
1447,,268780.566,3743233.296,2609.761
1448,,268775.887,3743234.143,2607.456
1449,,268772.365,3743233.325,2606.111
1450,,268767.183,3743231.500,2603.565
1451,,268762.517,3743223.656,2600.932
1452,,268779.805,3743231.177,2608.911
1453,,268783.047,3743231.419,2612.478
1454,,268786.573,3743231.136,2613.425
1455,,268772.818,3743231.623,2606.350
1456,,268775.278,3743223.928,2605.872
1457,,268780.108,3743223.607,2608.756
1458,,268784.718,3743223.914,2612.711
1459,,268763.410,3743218.866,2601.843
1460,,268772.194,3743218.653,2604.553
1461,,268776.836,3743218.859,2607.562
1462,,268781.440,3743218.626,2611.836
1463,,268767.926,3743215.172,2603.758
1464,,268772.271,3743215.429,2605.417
1465,,268775.672,3743215.185,2607.632
1466,,268781.341,3743215.350,2613.079
1467,,268772.180,3743083.921,2616.141
1468,,268769.655,3743083.695,2605.342
1469,,268771.466,3743078.847,2611.481
1470,,268770.644,3743074.150,2603.443
1471,,268772.001,3743088.919,2617.682
1472,,268774.776,3743088.434,2617.537
1473,,268769.512,3743093.870,2614.299
1474,,268779.431,3743093.601,2614.184
1475,,268786.042,3743093.662,2614.267
1476,,268766.898,3743098.715,2607.970
1477,,268769.451,3743098.874,2613.190
1478,,268781.434,3743098.949,2613.390
1479,,268773.373,3743102.231,2613.043
1480,,268768.887,3743102.316,2613.299
1481,,268765.034,3743102.376,2604.457
1482,,268769.042,3743103.917,2612.992
1483,,268782.116,3743103.939,2612.677
1484,,268782.004,3743108.980,2612.548
1485,,268778.779,3743108.629,2610.710
1486,,268775.461,3743108.848,2609.811
1487,,268770.820,3743108.927,2605.656
1488,,268765.048,3743108.567,2601.468
1489,,268759.697,3743113.825,2600.102
1490,,268766.006,3743113.673,2601.768
1491,,268773.357,3743113.843,2605.938
1492,,268777.266,3743113.689,2609.850
1493,,268781.911,3743113.905,2612.554
1494,,268763.706,3743116.382,2600.958
1495,,268770.526,3743116.453,2603.824
1496,,268781.395,3743116.499,2613.250
1497,,268781.189,3743118.891,2614.393
1498,,268775.051,3743118.927,2607.241
1499,,268765.606,3743118.695,2602.037
1500,,268759.003,3743118.930,2600.377
1501,,268788.896,3743118.987,2613.929
1502,,268766.466,3743128.905,2601.180
1503,,268774.110,3743128.880,2609.344
1504,,268777.480,3743128.652,2614.213
1505,,268786.658,3743128.826,2613.885
1506,,268778.188,3743132.366,2614.230
1507,,268773.978,3743132.222,2607.696
1508,,268769.791,3743132.371,2602.968
1509,,268787.847,3743133.904,2613.868
1510,,268778.421,3743133.869,2613.771
1511,,268774.784,3743133.733,2608.101
1512,,268769.950,3743133.886,2602.825
1513,,268785.137,3743138.561,2613.893
1514,,268779.453,3743138.915,2613.281
1515,,268775.117,3743138.670,2606.492
1516,,268770.153,3743138.948,2603.616
1517,,268772.776,3743143.884,2602.533
1518,,268774.817,3743143.656,2605.695
1519,,268777.689,3743143.928,2610.496
1520,,268780.249,3743143.557,2613.840
1521,,268786.503,3743144.263,2613.912
1522,,268773.370,3743148.405,2601.819
1523,,268778.299,3743148.176,2608.924
1524,,268781.660,3743148.414,2613.377
1525,,268775.139,3743153.700,2603.088
1526,,268777.795,3743153.889,2605.878
1527,,268781.002,3743153.713,2612.178
1528,,268785.344,3743153.860,2612.932
1529,,268774.217,3743158.465,2603.236
1530,,268780.255,3743158.920,2608.370
1531,,268782.087,3743158.646,2612.439
1532,,268770.202,3743164.205,2603.125
1533,,268773.316,3743164.452,2603.471
1534,,268777.022,3743164.181,2605.112
1535,,268783.082,3743164.396,2611.397
1536,,268775.950,3743165.577,2605.192
1537,,268767.501,3743168.857,2603.929
1538,,268771.846,3743168.735,2605.072
1539,,268778.923,3743168.952,2609.507
1540,,268782.177,3743168.665,2613.217
1541,,268760.455,3743178.804,2602.431
1542,,268764.582,3743178.915,2606.038
1543,,268767.976,3743178.723,2610.123
1544,,268771.555,3743178.842,2613.218
1545,,268778.113,3743181.509,2614.025
1546,,268772.425,3743182.248,2613.401
1547,,268769.090,3743181.988,2609.914
1548,,268765.634,3743182.235,2606.362
1549,,268762.085,3743181.967,2604.285
1550,,268770.298,3743183.772,2610.296
1551,,268789.050,3743173.880,2613.453
1552,,268781.277,3743173.651,2613.595
1553,,268774.632,3743173.875,2613.554
1554,,268771.296,3743173.642,2609.881
1555,,268767.526,3743173.872,2607.361
1556,,268763.459,3743173.603,2604.072
1557,,268782.594,3743188.692,2614.134
1558,,268776.198,3743189.047,2613.184
1559,,268766.520,3743189.027,2606.689
1560,,268771.223,3743188.622,2609.854
1561,,268760.628,3743194.013,2603.886
1562,,268766.842,3743193.553,2605.530
1563,,268771.026,3743193.990,2607.423
1564,,268775.801,3743193.585,2611.275
1565,,268781.477,3743193.961,2613.068
1566,,268786.394,3743193.667,2613.808
1567,,268758.583,3743199.397,2602.146
1568,,268770.320,3743199.165,2606.024
1569,,268776.180,3743199.458,2610.988
1570,,268760.739,3743204.014,2602.860
1571,,268766.561,3743203.570,2604.654
1572,,268771.955,3743203.969,2605.824
1573,,268775.720,3743203.622,2609.906
1574,,268778.721,3743204.350,2612.177
1575,,268782.506,3743203.499,2613.799
1576,,268760.064,3743208.885,2601.433
1577,,268769.236,3743208.680,2604.889
1578,,268773.244,3743208.903,2605.509
1579,,268776.088,3743208.666,2610.646
1580,,268780.163,3743208.852,2614.007
1581,,268770.444,3743213.615,2604.753
1582,,268774.576,3743213.961,2606.161
1583,,268777.311,3743213.617,2611.328
1584,,268781.107,3743213.969,2613.299